69
52
70
74
34
25
30
78
5
78
81
84
2
70
69
40
18
98
56
87
18
21
35
66
81
77
50
80
32
37
11
21
23
2
26
57
68
13
44
38
69
9
8
61
65
3
42
71
29
74
26
78
30
84
94
21
74
57
61
6
45
39
23
4
81
73
55
63
19
60
23
19
40
62
11
81
65
10
62
84
92
2
56
65
52
9
87
65
7
9
2
43
95
21
35
58
61
36
14
64
70
27
84
38
44
74
56
99
52
34
4
70
11
67
36
82
28
21
88
62
4
2
58
70
69
100
25
63
2
65
47
7
74
87
57
68
44
38
40
82
19
21
5
8
9
68
61
20
97
4
51
45
94
87
74
51
6
75
70
78
12
85
42
88
95
40
97
45
26
74
36
63
92
86
32
2
8
1
32
90
8
16
58
54
13
27
68
14
70
14
9
58
64
81
29
85
62
61
96
54
34
86
84
1
46
18
94
65
95
6
85
20
43
95
74
71
71
18
7
77
80
50
24
44
85
12
12
23
77
90
3
28
8
55
56
47
39
79
17
92
4
76
82
72
69
67
15
62
90
12
51
32
80
28
90
88
38
100
89
82
37
20
57
60
42
95
6
6
69
64
30
32
47
92
62
67
46
30
1
34
19
92
12
7
32
88
18
88
63
13
38
97
8
3
71
15
26
24
7
36
59
18
21
80
56
10
30
60
70
58
60
9
59
4
93
45
24
79
31
23
80
50
87
6
97
18
57
42
83
57
71
64
25
33
93
32
53
58
71
9
35
1
10
27
5
90
99
29
99
17
19
68
13
22
48
16
34
82
84
51
82
40
66
43
20
54
62
12
5
9
18
75
100
98
49
16
30
43
51
51
16
75
85
83
55
26
18
8
24
98
17
40
7
42
72
31
73
43
54
9
40
40
29
64
54
31
52
36
44
15
40
48
92
44
39
7
18
17
73
10
97
74
62
57
31
19
15
7
50
40
95
11
89
98
5
17
96
80
61
78
3
30
98
85
23
46
5
5
43
74
8
39
21
82
28
41
27
62
75
82
55
94
93
60
14
43
6
45
69
87
82
82
65
32
90
28
47
31
22
55
19
80
78
65
58
100
77
53
5
36
67
14
6
47
1
90
5
97
48
62
